#Time	Temparature
0	9.2251
3	9.13886
4	9.88053
4	9.88053
6	10.7751
7	11.0369
8	10.4665
8	10.4665
10	9.77844
12	7.12445
12	7.12445
15	8.39734
17	6.43462
17	6.43462
18	7.96935
21	10.3623
23	9.72639
23	9.72639
24	9.5403
27	9.25013
30	10.8144
31	11.0647
34	9.78824
36	7.12935
39	8.39907
41	6.43549
42	7.96996
45	10.3625
48	9.54037
51	9.25016
54	4.28575
60	1.91472
66	1.61927
72	1.58245
78	1.57787
84	1.5773
90	1.57722
93	1.57722
96	8.10589
97	9.15049
100	9.11253
102	9.10216
103	9.09913
107	5.62937
108	7.40024
111	10.1614
114	9.46938
117	9.2251
120	9.2251
